0	6
500	678
1500	1179
6500	3633
16500	4959
26500	6775
36500	7345
46500	7813
56500	8526
66500	9022
76500	9389
86500	9672
96500	9902
106500	10176
116500	10475
126500	10691
136500	10943
146500	11132
156500	11275
166500	11423
176500	11569
186500	11695
196500	11786
206500	12145
216500	12255
226500	12342
236500	12475
246500	12619
256500	12787
266500	12914
276500	12988
286500	13113
296500	13270
306500	13368
316500	13474
326500	13576
336500	13680
346500	13770
356500	13840
366500	13913
376500	13978
386500	14040
396500	14081
406500	14214
416500	14256
426500	14294
436500	14364
446500	14412
456500	14441
466500	14488
476500	14524
486500	14572
496500	14678
506500	14721
516500	14749
526500	14839
536500	14898
546500	14987
556500	15029
566500	15129
576500	15215
586500	15275
596500	15396
606500	15422
616500	15463
626500	15485
636500	15546
646500	15583
656500	15608
666500	15640
676500	15658
686500	15698
696500	15724
706500	15744
716500	15782
726500	15893
736500	15943
746500	15979
756500	16046
766500	16077
776500	16114
786500	16148
796500	16208
806500	16244
816500	16287
826500	16302
836500	16346
846500	16392
856500	16408
866500	16473
876500	16523
886500	16549
896500	16559
906500	16583
916500	16615
926500	16694
936500	16743
946500	16763
956500	16795
966500	16821
976500	16852
