0	10
1	10
2	10
0	70
1	70
2	70
0	1940
1	2030
2	3580
0	70
1	70
2	70
0	1780
1	3700
2	1850
0	140
1	140
2	140
0	3410
1	4070
2	5500
0	70
1	70
2	70
0	110
1	140
2	110
0	80
1	80
2	80
0	20
1	20
2	20
0	140
1	140
2	140
0	10
1	10
2	10
0	180
1	180
2	350
0	2610
1	6100
2	2850
0	20
1	20
2	20
0	70
1	70
2	70
0	10
1	10
2	10
0	140
1	140
2	140
0	140
1	140
2	140
0	120
1	120
2	120
0	10
1	10
2	20
0	360
1	340
2	360
0	140
1	140
2	140
0	140
1	140
2	140
Best of generation 0: 4326.666666666667 avg: 610.1333333333334 - [pillValue=370, pillMultiplier=-2.761769980044307, powerPillValue=606, ghostValue=3428, deathValue=-1932, winValue=-3538, stepValue=650, dangerDistance=41, killDistance=34]
0	5550
1	2250
2	3020
0	1870
1	4290
2	680
0	5370
1	6370
2	3140
0	220
1	180
2	180
0	3160
1	3010
2	3960
0	360
1	360
2	360
0	1690
1	2070
2	1110
0	380
1	3520
2	3540
0	230
1	230
2	230
0	70
1	70
2	70
0	4780
1	1630
2	3070
0	80
1	80
2	80
Best of generation 1: 4960.0 avg: 896.8 - [pillValue=370, pillMultiplier=-2.761769980044307, powerPillValue=606, ghostValue=3428, deathValue=-1932, winValue=-3538, stepValue=650, dangerDistance=41, killDistance=34]
0	3620
1	2220
2	5620
0	1920
1	3430
2	1940
0	4680
1	3520
2	2240
0	180
1	220
2	180
0	3890
1	4510
2	3100
0	360
1	360
2	360
0	2120
1	2030
2	4570
0	1890
1	1860
2	1890
0	230
1	230
2	230
0	5520
1	1850
2	4820
0	80
1	80
2	80
0	1870
1	4380
2	1810
0	1680
1	2180
2	6890
0	2440
1	2610
2	3640
0	3150
1	4060
2	5550
0	20
1	20
2	20
0	70
1	70
2	70
0	1910
1	1040
2	1400
0	3780
1	3680
2	3600
0	70
1	70
2	70
0	80
1	80
2	150
0	1760
1	3310
2	3320
Best of generation 2: 4253.333333333333 avg: 1795.7333333333333 - [pillValue=574, pillMultiplier=-4.2136583417820885, powerPillValue=-677, ghostValue=5972, deathValue=-2672, winValue=-4047, stepValue=923, dangerDistance=74, killDistance=34]
0	5410
1	5380
2	1230
0	4030
1	3050
2	5000
0	3930
1	2560
2	5560
0	3380
1	5280
2	1390
0	3960
1	2600
2	3050
0	1780
1	6940
2	5120
0	1920
1	1170
2	1920
0	3300
1	7080
2	2120
0	2590
1	5310
2	4270
0	3000
1	3430
2	3670
0	1680
1	1760
2	4220
0	4120
1	4030
2	3220
0	4680
1	3780
2	5540
0	3350
1	2880
2	4260
0	1140
1	690
2	1070
0	110
1	110
2	110
0	2070
1	3430
2	2920
0	5820
1	2860
2	4820
0	2050
1	4720
2	3300
0	1070
1	1990
2	1090
0	270
1	360
2	270
0	1680
1	2070
2	1690
Best of generation 3: 4666.666666666667 avg: 2648.7999999999993 - [pillValue=370, pillMultiplier=-2.761769980044307, powerPillValue=827, ghostValue=3428, deathValue=-1932, winValue=-3538, stepValue=139, dangerDistance=26, killDistance=34]
0	2060
1	1890
2	2120
0	2970
1	3130
2	6430
0	3080
1	3120
2	3990
0	3390
1	3520
2	6860
0	4650
1	1720
2	3860
0	3030
1	5580
2	4420
0	1860
1	2380
2	5220
0	4600
1	3850
2	2790
0	6950
1	5610
2	3420
0	2240
1	2910
2	3030
0	5610
1	7100
2	3460
0	3200
1	3560
2	10450
0	3170
1	3080
2	3920
0	10
1	20
2	20
0	3550
1	5270
2	510
0	2080
1	1130
2	2340
0	4200
1	3600
2	1950
0	3940
1	6460
2	4260
0	4580
1	3640
2	4030
0	3040
1	1910
2	1680
0	1690
1	5800
2	7000
0	170
1	170
2	170
Best of generation 4: 5736.666666666667 avg: 3032.666666666666 - [pillValue=370, pillMultiplier=-2.761769980044307, powerPillValue=-966, ghostValue=4416, deathValue=-1932, winValue=-2387, stepValue=650, dangerDistance=80, killDistance=31]
0	5500
1	5480
2	6380
0	1790
1	3710
2	5090
0	3340
1	2110
2	2270
0	5370
1	2130
2	5110
0	1270
1	3070
2	3020
0	7100
1	3730
2	5680
0	5850
1	3260
2	7410
0	6010
1	3760
2	5650
0	4600
1	6140
2	2900
0	8760
1	3930
2	4440
0	1740
1	4360
2	4980
0	1030
1	1780
2	1780
0	6720
1	1680
2	3310
0	1740
1	3870
2	1740
0	7150
1	4110
2	2910
0	4380
1	4180
2	4460
0	4280
1	3140
2	4090
0	3710
1	5360
2	1960
0	5640
1	4710
2	5690
0	7480
1	5150
2	1830
0	5150
1	3430
2	3600
0	2100
1	3350
2	740
Best of generation 5: 5786.666666666667 avg: 3575.8666666666672 - [pillValue=370, pillMultiplier=-2.761769980044307, powerPillValue=606, ghostValue=3428, deathValue=-1932, winValue=-3538, stepValue=650, dangerDistance=41, killDistance=34]
0	5040
1	5320
2	4510
0	5850
1	6180
2	6000
0	3720
1	3730
2	5400
0	4090
1	4850
2	3780
0	2700
1	10560
2	4820
0	3630
1	2870
2	2440
0	5430
1	5550
2	5320
0	7520
1	4490
2	3420
0	3040
1	6140
2	6510
0	5370
1	4620
2	6260
0	1490
1	7320
2	4460
0	4050
1	4040
2	8670
0	3300
1	3950
2	2990
0	2800
1	4130
2	6890
0	4630
1	2260
2	5040
0	6180
1	5760
2	3930
0	3010
1	5720
2	7290
0	3170
1	2480
2	2060
0	2680
1	1500
2	3370
0	2390
1	7110
2	3500
0	1080
1	4140
2	5770
0	4230
1	6410
2	4690
Best of generation 6: 6026.666666666667 avg: 4022.0 - [pillValue=370, pillMultiplier=-2.761769980044307, powerPillValue=-966, ghostValue=4416, deathValue=-1932, winValue=-2387, stepValue=650, dangerDistance=80, killDistance=31]
0	4180
1	4450
2	5120
0	5460
1	5280
2	8050
0	9050
1	7500
2	3950
0	3720
1	3960
2	5730
0	6500
1	7330
2	4230
0	4170
1	5500
2	1940
0	6410
1	5320
2	4060
0	4600
1	2590
2	4800
0	1760
1	4910
2	6480
0	3310
1	7630
2	5380
0	2530
1	4150
2	7200
0	3330
1	1640
2	1820
0	3320
1	4090
2	4950
0	3660
1	4190
2	2700
0	2080
1	1550
2	3200
0	8280
1	3940
2	8050
0	4340
1	3150
2	2630
0	4250
1	2040
2	9120
0	4760
1	8000
2	3050
0	3740
1	1180
2	1170
0	5360
1	2970
2	2170
0	4650
1	7260
2	4540
Best of generation 7: 6833.333333333333 avg: 3979.066666666667 - [pillValue=370, pillMultiplier=-2.761769980044307, powerPillValue=-966, ghostValue=4416, deathValue=-1932, winValue=-2387, stepValue=650, dangerDistance=80, killDistance=31]
0	3850
1	2160
2	5360
0	4540
1	4220
2	1000
0	2930
1	7170
2	2210
0	4520
1	3220
2	3790
0	9200
1	5310
2	3350
0	3170
1	1560
2	1710
0	4290
1	5160
2	4190
0	6560
1	7860
2	8210
0	1900
1	3710
2	1950
0	2910
1	10290
2	3780
0	2180
1	7140
2	5630
0	5890
1	2490
2	3770
0	3770
1	3850
2	4730
0	7940
1	3440
2	5580
0	5440
1	11270
2	4000
0	7140
1	3470
2	4170
0	5440
1	8220
2	3060
0	4050
1	3240
2	2940
0	7030
1	1890
2	5400
0	8960
1	7330
2	5590
0	2400
1	3880
2	4360
0	2640
1	3080
2	7340
Best of generation 8: 7543.333333333333 avg: 4117.733333333334 - [pillValue=370, pillMultiplier=-0.06434159890444135, powerPillValue=-677, ghostValue=4416, deathValue=-1932, winValue=-4047, stepValue=923, dangerDistance=74, killDistance=31]
0	5590
1	3740
2	7510
0	5620
1	3770
2	1290
0	4330
1	4680
2	3380
0	6610
1	5550
2	5460
0	7950
1	7450
2	7980
0	5830
1	2130
2	5810
0	3780
1	2780
2	1980
0	5650
1	1470
2	6220
0	2360
1	4350
2	6470
0	2430
1	3350
2	5390
0	1090
1	7250
2	4790
0	3670
1	5770
2	5260
0	7150
1	6180
2	4560
0	4690
1	4890
2	3950
0	2340
1	3030
2	4270
0	1300
1	5540
2	3220
0	8690
1	4310
2	5000
0	3960
1	5740
2	5690
0	3430
1	2230
2	2800
0	2450
1	5130
2	1520
0	4090
1	4910
2	4230
0	2870
1	7960
2	2320
Best of generation 9: 7793.333333333333 avg: 3962.5333333333324 - [pillValue=370, pillMultiplier=-2.761769980044307, powerPillValue=606, ghostValue=3428, deathValue=-1932, winValue=-3538, stepValue=650, dangerDistance=41, killDistance=34]
0	4120
1	7710
2	2570
0	4180
1	3110
2	8430
0	3790
1	3730
2	3560
0	4320
1	4940
2	4670
0	6540
1	6920
2	7500
0	2180
1	2540
2	5810
0	3830
1	5470
2	4260
0	5840
1	3240
2	3710
0	4030
1	3050
2	3850
0	5550
1	5550
2	7410
0	6400
1	2920
2	4590
0	6250
1	10380
2	6120
0	4950
1	3050
2	4030
0	5360
1	7510
2	4160
0	3630
1	5330
2	5660
0	4170
1	2960
2	4290
0	2750
1	3110
2	5900
0	3950
1	1890
2	7300
0	4490
1	5280
2	4510
0	7220
1	7710
2	5850
0	1870
1	5430
2	1600
0	3260
1	7390
2	4530
Best of generation 10: 7583.333333333333 avg: 4242.8 - [pillValue=370, pillMultiplier=-0.09235216681926595, powerPillValue=-966, ghostValue=4416, deathValue=-1932, winValue=-3538, stepValue=923, dangerDistance=77, killDistance=31]
0	2300
1	5580
2	3830
0	3100
1	9010
2	6950
0	8670
1	2630
2	4560
0	3120
1	5860
2	5620
0	3360
1	4160
2	3020
0	7400
1	3260
2	2930
0	5420
1	5440
2	2840
0	3050
1	6920
2	5360
0	7320
1	2860
2	5380
0	6320
1	2810
2	6320
0	5450
1	1730
2	1820
0	2080
1	7740
2	4090
0	3020
1	2650
2	6740
0	5750
1	5850
2	3130
0	1910
1	2730
2	2300
0	6350
1	5420
2	1310
0	6530
1	2440
2	3510
0	5930
1	4890
2	2620
0	9600
1	3630
2	5980
0	4480
1	3490
2	3710
0	20
1	20
2	20
0	9650
1	2970
2	4400
Best of generation 11: 6403.333333333333 avg: 3858.1333333333328 - [pillValue=370, pillMultiplier=-4.2136583417820885, powerPillValue=-966, ghostValue=5972, deathValue=-1932, winValue=-4047, stepValue=923, dangerDistance=80, killDistance=31]
0	5640
1	6420
2	3050
0	5690
1	4710
2	7990
0	5650
1	5510
2	2420
0	3650
1	3080
2	3630
0	4680
1	5820
2	6020
0	4250
1	10570
2	4020
0	7240
1	8750
2	5510
0	2180
1	5750
2	5690
0	4800
1	3210
2	4240
0	5030
1	9450
2	8080
0	4540
1	2720
2	3750
0	7060
1	7240
2	7860
0	3980
1	2880
2	2990
0	7190
1	4060
2	3970
0	4790
1	5050
2	5630
0	3250
1	4850
2	3520
0	3200
1	6990
2	3760
0	3180
1	5400
2	2830
0	8960
1	5680
2	2330
0	3010
1	4180
2	4210
0	7460
1	3120
2	7350
0	2350
1	4980
2	6450
Best of generation 12: 7520.0 avg: 4446.666666666666 - [pillValue=370, pillMultiplier=-4.2136583417820885, powerPillValue=-966, ghostValue=5972, deathValue=-1932, winValue=-4047, stepValue=923, dangerDistance=80, killDistance=31]
0	5610
1	4830
2	4870
0	7040
1	7020
2	4440
0	4150
1	6500
2	4930
0	3040
1	2680
2	7980
0	7150
1	5810
2	7200
0	3060
1	2910
2	5720
0	6020
1	6340
2	8770
0	2750
1	4570
2	3170
0	4050
1	3380
2	3520
0	10150
1	4020
2	5860
0	3830
1	4940
2	3600
0	4590
1	5630
2	7610
0	2340
1	3150
2	9750
0	6800
1	2490
2	2950
0	5570
1	7280
2	4220
0	4630
1	4970
2	6540
0	2500
1	6460
2	4540
0	5370
1	4390
2	7490
0	6970
1	6950
2	2990
0	4710
1	4330
2	2550
0	5510
1	7280
2	8990
0	4180
1	3420
2	2960
Best of generation 13: 7260.0 avg: 4533.6 - [pillValue=370, pillMultiplier=-0.06434159890444135, powerPillValue=-966, ghostValue=4416, deathValue=-1932, winValue=-2387, stepValue=650, dangerDistance=41, killDistance=31]
0	4580
1	2450
2	3170
0	2950
1	4430
2	4210
0	2340
1	4620
2	6840
0	5350
1	3720
2	3140
0	5290
1	9270
2	3700
0	3710
1	4110
2	3180
0	8020
1	1650
2	2440
0	5900
1	7220
2	7870
0	4690
1	3950
2	5930
0	4100
1	4090
2	2380
0	7190
1	1650
2	5660
0	7200
1	4600
2	11320
0	4970
1	4660
2	7200
0	1260
1	2930
2	6950
0	2100
1	2130
2	5650
0	3320
1	6950
2	7210
0	9000
1	9790
2	4100
0	5250
1	8490
2	4040
0	5960
1	5490
2	4750
0	5710
1	6270
2	7180
0	2390
1	3770
2	12100
0	7020
1	6000
2	4930
Best of generation 14: 7706.666666666667 avg: 4539.866666666667 - [pillValue=370, pillMultiplier=-4.2136583417820885, powerPillValue=-100, ghostValue=5972, deathValue=-1932, winValue=5439, stepValue=650, dangerDistance=80, killDistance=31]
0	7040
1	3950
2	7350
0	5680
1	4860
2	5520
0	7480
1	5760
2	1790
0	4870
1	2410
2	1140
0	4390
1	8760
2	8990
0	7760
1	3070
2	3850
0	7100
1	8730
2	6390
0	3060
1	4270
2	8200
0	3310
1	5290
2	4260
0	7290
1	6490
2	2760
0	8850
1	2920
2	5250
0	8210
1	1190
2	4240
0	4770
1	4640
2	3810
0	3710
1	2790
2	6400
0	4980
1	4260
2	7810
0	2880
1	3900
2	5490
0	1100
1	4960
2	6250
0	2070
1	4620
2	5820
0	5260
1	4540
2	4870
0	2660
1	4500
2	4930
0	5580
1	4230
2	5620
0	2650
1	2770
2	4380
Best of generation 15: 7406.666666666667 avg: 4329.733333333333 - [pillValue=370, pillMultiplier=-4.2136583417820885, powerPillValue=-966, ghostValue=5972, deathValue=-1932, winValue=-4047, stepValue=923, dangerDistance=52, killDistance=34]
0	60
1	60
2	60
0	3100
1	4850
2	8980
0	1790
1	1790
2	5210
0	5630
1	5390
2	4010
0	7160
1	5750
2	3960
0	5080
1	5190
2	7480
0	2540
1	4900
2	5420
0	4220
1	4080
2	4650
0	7010
1	8780
2	6370
0	3750
1	3480
2	3820
0	3940
1	5580
2	4280
0	3380
1	5690
2	5630
0	7800
1	2640
2	7520
0	4900
1	8140
2	5620
0	1830
1	2890
2	1870
0	6000
1	2530
2	4510
0	5620
1	5740
2	6420
0	8930
1	3270
2	4750
0	4910
1	6940
2	3400
0	2990
1	5260
2	3730
0	5320
1	5850
2	3530
0	3460
1	8920
2	6310
Best of generation 16: 7386.666666666667 avg: 4195.6 - [pillValue=370, pillMultiplier=-0.06434159890444135, powerPillValue=-966, ghostValue=4416, deathValue=-1932, winValue=-2387, stepValue=650, dangerDistance=80, killDistance=31]
0	7040
1	3060
2	5640
0	3750
1	4830
2	4760
0	3920
1	5570
2	3190
0	5530
1	4180
2	4980
0	5700
1	4430
2	6310
0	8990
1	9730
2	8100
0	6170
1	2570
2	2650
0	10260
1	5890
2	5310
0	4220
1	4070
2	3980
0	3710
1	4110
2	5610
0	5440
1	2650
2	8940
0	4340
1	4890
2	3410
0	3160
1	5640
2	6780
0	4890
1	5740
2	4710
0	7030
1	5320
2	4190
0	8260
1	2950
2	7330
0	5640
1	10400
2	5420
0	3050
1	3800
2	1900
0	3180
1	4350
2	9140
0	10690
1	5420
2	3930
0	5600
1	3010
2	2970
0	5610
1	5770
2	5740
Best of generation 17: 8940.0 avg: 4660.666666666667 - [pillValue=370, pillMultiplier=-4.2136583417820885, powerPillValue=-100, ghostValue=5972, deathValue=-1932, winValue=-4047, stepValue=923, dangerDistance=80, killDistance=31]
0	7530
1	3280
2	7040
0	5790
1	5690
2	7370
0	5500
1	5030
2	3400
0	3220
1	6140
2	3660
0	5320
1	12310
2	7400
0	5020
1	5320
2	4560
0	4820
1	2990
2	5120
0	6310
1	2990
2	7070
0	3520
1	7150
2	3200
0	5530
1	5590
2	4240
0	4520
1	7450
2	6620
0	2220
1	4640
2	4690
0	5470
1	5470
2	7020
0	4670
1	3370
2	10490
0	1280
1	1140
2	1150
0	2580
1	6250
2	2980
0	2970
1	4410
2	3120
0	5570
1	2660
2	5630
0	4800
1	8680
2	8140
0	7480
1	5430
2	3410
0	2690
1	6970
2	4270
0	5420
1	2850
2	7220
Best of generation 18: 8343.333333333334 avg: 4477.866666666667 - [pillValue=370, pillMultiplier=-7.130231705104197, powerPillValue=-100, ghostValue=4416, deathValue=-1932, winValue=-3538, stepValue=650, dangerDistance=41, killDistance=31]
0	20
1	20
2	20
0	4600
1	3420
2	6940
0	2700
1	2290
2	6450
0	4750
1	8990
2	4610
0	2520
1	3040
2	4050
0	7040
1	5370
2	5550
0	4050
1	3620
2	3950
0	5450
1	4640
2	7020
0	4100
1	5390
2	2950
0	8340
1	4780
2	7290
0	4680
1	2600
2	4080
0	5400
1	8740
2	3870
0	5720
1	2980
2	7580
0	2890
1	4630
2	5850
0	7400
1	4950
2	5920
0	5510
1	3600
2	9020
0	4310
1	3990
2	5450
0	5300
1	3210
2	4560
0	6780
1	4320
2	2680
0	2600
1	4070
2	3210
0	6820
1	4640
2	2300
0	5430
1	2770
2	3010
Best of generation 19: 6803.333333333333 avg: 4064.3999999999996 - [pillValue=370, pillMultiplier=-4.2136583417820885, powerPillValue=-966, ghostValue=4416, deathValue=-1932, winValue=-3801, stepValue=650, dangerDistance=41, killDistance=31]
0	20
1	20
2	20
0	4280
1	5480
2	4610
0	4580
1	2580
2	5550
0	2780
1	5790
2	4170
0	3690
1	2650
2	3740
0	6420
1	6190
2	5510
0	5650
1	8240
2	2620
0	6230
1	7030
2	2910
0	4150
1	5590
2	2760
0	4200
1	2220
2	3150
0	5540
1	3700
2	4740
0	4260
1	3770
2	5040
0	2190
1	3560
2	2450
0	6530
1	4490
2	2730
0	2520
1	7210
2	4540
0	5810
1	5880
2	2980
0	5410
1	3880
2	6410
0	2860
1	4900
2	4830
0	5150
1	3030
2	6430
0	1640
1	850
2	1510
0	4800
1	5720
2	5390
0	3690
1	4010
2	8790
Best of generation 20: 6040.0 avg: 3734.266666666667 - [pillValue=370, pillMultiplier=-4.2136583417820885, powerPillValue=-966, ghostValue=4416, deathValue=-1932, winValue=-4047, stepValue=650, dangerDistance=80, killDistance=31]
0	6230
1	1650
2	4090
0	3870
1	3900
2	6420
0	8900
1	5450
2	3960
0	5220
1	4480
2	6520
0	5730
1	4200
2	5740
0	8180
1	1190
2	2380
0	4460
1	3100
2	3950
0	5590
1	4110
2	6220
0	4720
1	4460
2	2600
0	6390
1	5760
2	8010
0	5590
1	4810
2	4810
0	3320
1	2340
2	6450
0	7730
1	3590
2	5610
0	2700
1	3050
2	6170
0	5420
1	4320
2	4420
0	5560
1	5380
2	4720
0	6840
1	5420
2	8000
0	5530
1	7190
2	5100
0	2510
1	4200
2	5440
0	5580
1	3390
2	2920
0	2660
1	3800
2	9070
0	4890
1	7260
2	4260
Best of generation 21: 6753.333333333333 avg: 4367.066666666667 - [pillValue=370, pillMultiplier=-4.291977556187863, powerPillValue=-966, ghostValue=4416, deathValue=-1932, winValue=-3801, stepValue=650, dangerDistance=80, killDistance=31]
0	6990
1	4790
2	6250
0	4820
1	6350
2	3340
0	5040
1	1510
2	3010
0	2430
1	7270
2	5620
0	3940
1	1690
2	5570
0	7080
1	3460
2	870
0	5860
1	2080
2	3790
0	4460
1	3270
2	7280
0	3990
1	5490
2	5390
0	60
1	140
2	60
0	5690
1	6350
2	7170
0	2860
1	7210
2	7160
0	8390
1	3550
2	5780
0	4580
1	1800
2	4920
0	3570
1	4670
2	5840
0	1810
1	6780
2	5530
0	2640
1	3200
2	5510
0	7110
1	6250
2	5340
0	4310
1	4620
2	7600
0	7310
1	6650
2	8300
0	4050
1	8290
2	3580
0	3530
1	4710
2	6490
Best of generation 22: 7420.0 avg: 4200.666666666666 - [pillValue=370, pillMultiplier=-0.06434159890444135, powerPillValue=-100, ghostValue=4416, deathValue=-1932, winValue=-3538, stepValue=650, dangerDistance=80, killDistance=31]
0	5930
1	4910
2	5090
0	4440
1	3950
2	7300
0	5020
1	7060
2	5610
0	5600
1	3090
2	2560
0	4700
1	6020
2	7660
0	2960
1	5740
2	5220
0	6440
1	6300
2	2920
0	2630
1	3830
2	1910
0	4130
1	7350
2	5410
0	6400
1	4390
2	6950
0	5540
1	1020
2	6290
0	2900
1	2570
2	7050
0	5570
1	5560
2	5770
0	5600
1	4920
2	1810
0	3130
1	3550
2	6290
0	5670
1	5810
2	8160
0	5670
1	7210
2	3770
0	5070
1	3970
2	7550
0	4850
1	7090
2	5610
0	7240
1	4500
2	5610
0	3150
1	5440
2	5510
0	6300
1	4540
2	5840
Best of generation 23: 6546.666666666667 avg: 4502.000000000001 - [pillValue=370, pillMultiplier=-0.06434159890444135, powerPillValue=-100, ghostValue=4416, deathValue=-1932, winValue=5439, stepValue=650, dangerDistance=80, killDistance=31]
0	9430
1	5950
2	7500
0	6010
1	2460
2	3850
0	4170
1	5660
2	3930
0	4060
1	7100
2	5390
0	5850
1	3040
2	6200
0	3140
1	3990
2	4230
0	8480
1	3170
2	9610
0	3790
1	4530
2	2570
0	4990
1	3730
2	4310
0	230
1	220
2	220
0	4820
1	1720
2	4610
0	5840
1	4570
2	4310
0	5510
1	5810
2	5830
0	2480
1	2950
2	6120
0	2790
1	5340
2	4550
0	5560
1	10430
2	2240
0	3620
1	3260
2	5600
0	5690
1	4900
2	4470
0	7260
1	4090
2	3540
0	1510
1	5440
2	7450
0	7110
1	2770
2	2940
0	3730
1	5330
2	7120
Best of generation 24: 7626.666666666667 avg: 4121.599999999999 - [pillValue=370, pillMultiplier=-4.291977556187863, powerPillValue=-966, ghostValue=4416, deathValue=-1932, winValue=-2224, stepValue=650, dangerDistance=80, killDistance=31]
0	5230
1	4050
2	4460
0	3900
1	6510
2	6660
0	4680
1	8480
2	3280
0	8800
1	5620
2	5570
0	6730
1	6970
2	4370
0	8630
1	3650
2	4020
0	4730
1	3100
2	3230
0	5680
1	5050
2	4750
0	7380
1	3200
2	4240
0	5090
1	3970
2	6430
0	4520
1	5100
2	5610
0	4100
1	7460
2	3970
0	2630
1	4750
2	5740
0	3430
1	4460
2	3550
0	5080
1	3380
2	7300
0	3930
1	6490
2	5070
0	2340
1	4370
2	7140
0	3090
1	2340
2	4000
0	5710
1	6070
2	7030
0	7000
1	8590
2	2460
0	7240
1	3060
2	4410
0	3940
1	7660
2	7270
Best of generation 25: 6663.333333333333 avg: 4516.666666666666 - [pillValue=370, pillMultiplier=-0.06434159890444135, powerPillValue=-100, ghostValue=4416, deathValue=-1932, winValue=5439, stepValue=923, dangerDistance=41, killDistance=31]
0	10250
1	3480
2	6440
0	5400
1	2690
2	5690
0	4150
1	5560
2	6170
0	6020
1	3960
2	5700
0	3860
1	6070
2	5440
0	7030
1	4390
2	3990
0	2880
1	4560
2	2300
0	7000
1	6080
2	3970
0	3720
1	7270
2	4900
0	4570
1	5310
2	3950
0	2040
1	3790
2	3910
0	5650
1	2370
2	10910
0	8950
1	4300
2	2690
0	3940
1	3980
2	6680
0	5040
1	5930
2	6090
0	4340
1	5630
2	7120
0	5460
1	7640
2	4810
0	4470
1	3340
2	4720
0	6230
1	4310
2	7050
0	5990
1	6280
2	6110
Best of generation 26: 6723.333333333333 avg: 4167.6 - [pillValue=370, pillMultiplier=-0.06434159890444135, powerPillValue=-100, ghostValue=4416, deathValue=-1932, winValue=-3538, stepValue=650, dangerDistance=80, killDistance=31]
0	2680
1	5630
2	5260
0	2570
1	2360
2	5660
0	7590
1	2880
2	5420
0	7110
1	3170
2	4400
0	3210
1	3090
2	5010
0	5690
1	4790
2	3000
0	5330
1	2620
2	12240
0	3500
1	1110
2	1920
0	4290
1	6020
2	3780
0	3730
1	3510
2	510
0	5000
1	3800
2	3280
0	3680
1	4180
2	8860
0	3860
1	6530
2	5510
0	4760
1	5370
2	4570
0	3930
1	5390
2	4720
0	8120
1	5580
2	3670
0	5370
1	2650
2	6040
0	2880
1	4300
2	4560
0	6290
1	8560
2	3060
0	3810
1	5690
2	8050
0	7590
1	5260
2	5730
0	3400
1	6410
2	2340
Best of generation 27: 6730.0 avg: 4145.066666666667 - [pillValue=207, pillMultiplier=-4.291977556187863, powerPillValue=-100, ghostValue=5972, deathValue=-1932, winValue=-3538, stepValue=650, dangerDistance=80, killDistance=31]
0	4000
1	3300
2	2710
0	5000
1	3120
2	3160
0	5030
1	4800
2	2590
0	6920
1	6130
2	6290
0	4340
1	5260
2	3680
0	3690
1	5360
2	2340
0	3980
1	5540
2	5360
0	7220
1	6480
2	2160
0	3420
1	6560
2	2590
0	2400
1	4400
2	5710
0	7440
1	5120
2	7360
0	7120
1	4270
2	8780
0	5400
1	3200
2	5190
0	2480
1	7160
2	3100
0	9240
1	8790
2	8750
0	2220
1	990
2	3860
0	8980
1	8020
2	6130
0	3000
1	5650
2	3810
0	6600
1	2720
2	1930
0	7330
1	4350
2	2080
0	2740
1	5470
2	8980
0	2470
1	5890
2	7310
Best of generation 28: 8926.666666666666 avg: 4366.266666666666 - [pillValue=370, pillMultiplier=-4.2136583417820885, powerPillValue=-100, ghostValue=4416, deathValue=-1932, winValue=-3538, stepValue=923, dangerDistance=80, killDistance=31]
0	3530
1	2880
2	7270
0	4280
1	3190
2	3820
0	5630
1	8360
2	2400
0	2720
1	4360
2	5650
0	5470
1	5420
2	6250
0	2670
1	4800
2	2840
0	6290
1	3230
2	3970
0	4720
1	3070
2	2520
0	5490
1	5420
2	2740
0	4520
1	5430
2	5130
0	4350
1	2480
2	4190
0	3740
1	4680
2	7140
0	3540
1	3930
2	3220
0	2650
1	7260
2	5890
0	20
1	20
2	20
0	5470
1	3960
2	7020
0	6550
1	4670
2	4450
0	2540
1	5340
2	4370
0	7430
1	5530
2	8840
0	5630
1	2630
2	3120
0	4580
1	4260
2	3980
0	4480
1	7000
2	3590
Best of generation 29: 7266.666666666667 avg: 3901.866666666666 - [pillValue=370, pillMultiplier=-4.291977556187863, powerPillValue=-100, ghostValue=4416, deathValue=-1932, winValue=-3801, stepValue=650, dangerDistance=41, killDistance=31]
0	4030
1	3250
2	7370
0	7910
1	2020
2	4700
0	5950
1	4170
2	2490
0	5060
1	1750
2	7800
0	5830
1	3780
2	6640
0	4610
1	8920
2	3320
0	5190
1	3000
2	4460
0	2760
1	6390
2	3650
0	5370
1	4950
2	5730
0	6020
1	3750
2	4830
0	3960
1	5300
2	6850
0	6350
1	3280
2	4950
0	5780
1	4690
2	3890
0	5300
1	2780
2	3820
0	1860
1	7290
2	4220
0	5610
1	3510
2	3220
0	4510
1	7930
2	6980
0	7900
1	6590
2	1740
0	7120
1	2430
2	2960
0	4880
1	3790
2	5420
0	4550
1	2400
2	2150
0	6290
1	7560
2	2650
Best of generation 30: 6473.333333333333 avg: 4216.133333333333 - [pillValue=370, pillMultiplier=-4.291977556187863, powerPillValue=-966, ghostValue=4416, deathValue=-1932, winValue=-3801, stepValue=923, dangerDistance=80, killDistance=31]
0	20
1	20
2	20
0	7320
1	6030
2	6380
0	6330
1	2820
2	5700
0	5130
1	4100
2	5750
0	5450
1	2290
2	6680
0	5370
1	4160
2	5690
0	3360
1	3930
2	5500
0	5540
1	4580
2	4240
0	4000
1	6370
2	3190
0	3970
1	7140
2	5900
0	5210
1	4800
2	6460
0	3610
1	3720
2	2850
0	2690
1	4450
2	2460
0	3070
1	3430
2	5440
0	4570
1	7370
2	2750
0	5560
1	10640
2	4660
0	3060
1	3990
2	3360
0	5520
1	5380
2	5640
0	2530
1	7950
2	5680
0	4010
1	5670
2	3100
0	2460
1	5640
2	5480
0	3820
1	4040
2	3350
Best of generation 31: 6953.333333333333 avg: 4018.666666666667 - [pillValue=370, pillMultiplier=-4.291977556187863, powerPillValue=-100, ghostValue=4416, deathValue=-1932, winValue=-3801, stepValue=650, dangerDistance=41, killDistance=31]
0	2160
1	4660
2	6630
0	5090
1	3640
2	6560
0	2400
1	7150
2	4170
0	7120
1	7190
2	2730
0	4580
1	4690
2	5660
0	4230
1	3160
2	5560
0	5670
1	5910
2	5500
0	2940
1	6970
2	3660
0	3670
1	6380
2	6070
0	5410
1	3520
2	5600
0	2550
1	5340
2	6200
0	2480
1	3750
2	5550
0	2820
1	4670
2	6680
0	2980
1	4100
2	3160
0	60
1	60
2	60
0	5820
1	2390
2	6460
0	7580
1	1790
2	6260
0	5720
1	4700
2	6490
0	2640
1	8020
2	5700
0	5470
1	2920
2	5340
0	7110
1	5870
2	5990
0	3820
1	5420
2	2850
Best of generation 32: 6323.333333333333 avg: 4100.0 - [pillValue=370, pillMultiplier=-4.291977556187863, powerPillValue=-100, ghostValue=4416, deathValue=-1932, winValue=-3801, stepValue=650, dangerDistance=80, killDistance=31]
0	5610
1	3050
2	7530
0	5620
1	5770
2	4170
0	5240
1	7340
2	6160
0	2860
1	5580
2	7440
0	5230
1	3940
2	3930
0	4790
1	3650
2	6690
0	4960
1	5630
2	2450
0	4880
1	6200
2	9850
0	5740
1	5950
2	7920
0	2670
1	3680
2	8710
0	5570
1	5550
2	4480
0	4810
1	5470
2	6170
0	3160
1	1780
2	4910
0	4470
1	3520
2	6560
0	4260
1	2450
2	6540
0	7000
1	4520
2	7050
0	5090
1	5540
2	4900
0	7200
1	6390
2	2540
0	8470
1	5210
2	6690
0	4260
1	8980
2	4340
0	4700
1	3310
2	8190
0	4580
1	3150
2	2910
Best of generation 33: 6976.666666666667 avg: 4639.466666666667 - [pillValue=207, pillMultiplier=-4.2136583417820885, powerPillValue=-966, ghostValue=4416, deathValue=-1932, winValue=-3801, stepValue=923, dangerDistance=80, killDistance=31]
0	4160
1	5410
2	2170
0	8340
1	5170
2	2620
0	7320
1	2910
2	4830
0	2730
1	3920
2	5710
0	2530
1	5650
2	2450
0	1570
1	1380
2	1470
0	4270
1	5970
2	5680
0	5270
1	3390
2	5780
0	2310
1	8940
2	4120
0	2400
1	7230
2	4100
0	1850
1	7370
2	6480
0	4800
1	4720
2	4360
0	560
1	1730
2	1780
0	8110
1	7360
2	3850
0	4760
1	6290
2	2800
0	2790
1	7050
2	4220
0	1170
1	1490
2	1430
0	5200
1	7890
2	3760
0	4710
1	3720
2	7500
0	6430
1	10690
2	7000
0	5600
1	3060
2	5050
0	2820
1	5060
2	9580
Best of generation 34: 8040.0 avg: 4037.866666666667 - [pillValue=370, pillMultiplier=-4.291977556187863, powerPillValue=-100, ghostValue=4416, deathValue=-1932, winValue=-3801, stepValue=650, dangerDistance=80, killDistance=31]
0	5380
1	6360
2	5000
0	6630
1	5690
2	7020
0	9340
1	3340
2	7300
0	6980
1	8220
2	8640
0	5240
1	2460
2	7030
0	2850
1	5640
2	5700
0	4010
1	2880
2	6500
0	2950
1	4210
2	1830
0	8970
1	3790
2	2930
0	5410
1	5640
2	7140
0	4640
1	7830
2	5570
0	6710
1	5660
2	4350
0	7390
1	4440
2	4250
0	5600
1	6810
2	6400
0	2810
1	2440
2	3210
0	5410
1	5580
2	2930
0	5610
1	1160
2	4080
0	4600
1	3960
2	8800
0	5520
1	3800
2	7120
0	4880
1	5950
2	7470
0	8850
1	4610
2	3140
0	5410
1	9300
2	4880
Best of generation 35: 7946.666666666667 avg: 4750.000000000001 - [pillValue=207, pillMultiplier=-4.2136583417820885, powerPillValue=-966, ghostValue=5972, deathValue=-1932, winValue=-3801, stepValue=650, dangerDistance=80, killDistance=31]
0	2920
1	4270
2	6760
0	2860
1	3040
2	2560
0	5440
1	9240
2	4790
0	2430
1	6460
2	3640
0	5440
1	5740
2	4100
0	4700
1	4770
2	4240
0	4820
1	6550
2	6180
0	3940
1	7180
2	5980
0	5330
1	2330
2	2720
0	4700
1	6490
2	5440
0	1920
1	4870
2	6570
0	2920
1	7190
2	4570
0	4970
1	7280
2	5170
0	5660
1	2520
2	5580
0	60
1	60
2	60
0	4420
1	6420
2	5710
0	3170
1	4680
2	1610
0	2460
1	7610
2	4060
0	5790
1	8670
2	2720
0	5850
1	3070
2	2900
0	5500
1	5710
2	2630
0	4800
1	5500
2	4520
Best of generation 36: 6490.0 avg: 4030.1333333333337 - [pillValue=370, pillMultiplier=-4.291977556187863, powerPillValue=-100, ghostValue=4416, deathValue=-1932, winValue=-3801, stepValue=650, dangerDistance=41, killDistance=31]
0	3780
1	3330
2	6090
0	3650
1	5580
2	2510
0	5560
1	2290
2	5690
0	2990
1	3880
2	3640
0	530
1	920
2	1310
0	3980
1	9600
2	7750
0	3210
1	5540
2	8590
0	7100
1	3790
2	2770
0	5230
1	8780
2	5850
0	10610
1	2960
2	6940
0	5650
1	2420
2	4790
0	4830
1	1920
2	6510
0	5620
1	5330
2	2660
0	5730
1	5700
2	4180
0	5680
1	6660
2	2410
0	3060
1	3780
2	6480
0	3980
1	8310
2	7640
0	4620
1	2580
2	4710
0	4730
1	3210
2	9180
0	6030
1	3440
2	6100
0	3900
1	3780
2	4160
0	4200
1	5280
2	7070
Best of generation 37: 7110.0 avg: 4277.066666666667 - [pillValue=370, pillMultiplier=-4.2136583417820885, powerPillValue=631, ghostValue=5972, deathValue=-1932, winValue=-3538, stepValue=650, dangerDistance=80, killDistance=31]
0	2520
1	4700
2	8800
0	6960
1	8180
2	10630
0	3350
1	4450
2	5620
0	6860
1	3770
2	2950
0	2830
1	8860
2	9270
0	2710
1	5520
2	4410
0	5360
1	5830
2	2020
0	4320
1	4570
2	2140
0	5330
1	5140
2	4020
0	5340
1	4060
2	7970
0	3770
1	5770
2	3720
0	1350
1	4860
2	6150
0	2750
1	2820
2	5630
0	5810
1	4780
2	8120
0	8250
1	6280
2	4730
0	5510
1	5070
2	5620
0	2770
1	5050
2	5730
0	3670
1	5670
2	7420
0	2820
1	1790
2	1070
0	5550
1	3710
2	5500
0	7270
1	2650
2	5480
0	2070
1	2390
2	7320
Best of generation 38: 8590.0 avg: 4365.466666666667 - [pillValue=370, pillMultiplier=-4.291977556187863, powerPillValue=-123, ghostValue=4416, deathValue=-1932, winValue=-3801, stepValue=650, dangerDistance=41, killDistance=31]
0	2870
1	5760
2	9060
0	8290
1	3310
2	3960
0	2410
1	6000
2	3160
0	6470
1	7100
2	5350
0	7640
1	4170
2	4480
0	8170
1	5540
2	5680
0	6180
1	8850
2	4240
0	5320
1	4120
2	7790
0	3670
1	4050
2	4070
0	5620
1	2920
2	5720
0	5540
1	7760
2	8780
0	3180
1	4250
2	2700
0	4930
1	7320
2	1990
0	2920
1	1650
2	1660
0	4270
1	4170
2	7830
0	1740
1	5340
2	590
0	4330
1	5020
2	3290
0	6030
1	7870
2	5510
0	2420
1	6350
2	3680
0	3730
1	3070
2	2210
0	3200
1	7250
2	3250
0	4120
1	4600
2	4520
Best of generation 39: 7360.0 avg: 4253.866666666667 - [pillValue=370, pillMultiplier=-4.2136583417820885, powerPillValue=-100, ghostValue=4416, deathValue=-1932, winValue=-3801, stepValue=650, dangerDistance=41, killDistance=31]

