0	10
1	10
2	10
0	70
1	70
2	70
0	1940
1	2030
2	3580
0	70
1	70
2	70
0	1780
1	3700
2	1850
0	140
1	140
2	140
0	3410
1	4070
2	5500
0	70
1	70
2	70
0	110
1	140
2	110
0	80
1	80
2	80
0	20
1	20
2	20
0	140
1	140
2	140
0	10
1	10
2	10
0	180
1	180
2	350
0	2610
1	6100
2	2850
0	20
1	20
2	20
0	70
1	70
2	70
0	10
1	10
2	10
0	140
1	140
2	140
0	140
1	140
2	140
0	120
1	120
2	120
0	10
1	10
2	20
0	360
1	340
2	360
0	140
1	140
2	140
0	140
1	140
2	140
Best of generation 0: 4326.666666666667 avg: 610.1333333333334 - [pillValue=370, pillMultiplier=-2.761769980044307, powerPillValue=606, ghostValue=3428, deathValue=-1932, winValue=-3538, stepValue=650, dangerDistance=41, killDistance=34]
0	5550
1	2250
2	3020
0	1870
1	4290
2	680
0	5370
1	6370
2	3140
0	220
1	180
2	180
0	3160
1	3010
2	3960
0	360
1	360
2	360
0	1690
1	2070
2	1110
0	380
1	3520
2	3540
0	230
1	230
2	230
0	70
1	70
2	70
0	4780
1	1630
2	3070
0	80
1	80
2	80
Best of generation 1: 4960.0 avg: 896.8 - [pillValue=370, pillMultiplier=-2.761769980044307, powerPillValue=606, ghostValue=3428, deathValue=-1932, winValue=-3538, stepValue=650, dangerDistance=41, killDistance=34]
0	3620
1	2220
2	5620
0	1920
1	3430
2	1940
0	4680
1	3520
2	2240
0	180
1	220
2	180
0	3890
1	4510
2	3100
0	360
1	360
2	360
0	2120
1	2030
2	4570
0	1890
1	1860
2	1890
0	230
1	230
2	230
0	5520
1	1850
2	4820
0	80
1	80
2	80
0	1870
1	4380
2	1810
0	1680
1	2180
2	6890
0	2440
1	2610
2	3640
0	3150
1	4060
2	5550
0	20
1	20
2	20
0	70
1	70
2	70
0	1910
1	1040
2	1400
0	3780
1	3680
2	3600
0	70
1	70
2	70
0	80
1	80
2	150
0	1760
1	3310
2	3320
Best of generation 2: 4253.333333333333 avg: 1795.7333333333333 - [pillValue=574, pillMultiplier=-4.2136583417820885, powerPillValue=-677, ghostValue=5972, deathValue=-2672, winValue=-4047, stepValue=923, dangerDistance=74, killDistance=34]
0	5410
1	5380
2	1230
0	4030
1	3050
2	5000
0	3930
1	2560
2	5560
0	3380
1	5280
2	1390
0	3960
1	2600
2	3050
0	1780
1	6940
2	5120
0	1920
1	1170
2	1920
0	3300
1	7080
2	2120
0	2590
1	5310
2	4270
0	3000
1	3430
2	3670
0	1680
1	1760
2	4220
0	4120
1	4030
2	3220
0	4680
1	3780
2	5540
0	3350
1	2880
2	4260
0	1140
1	690
2	1070
0	110
1	110
2	110
0	2070
1	3430
2	2920
0	5820
1	2860
2	4820
0	2050
1	4720
2	3300
0	1070
1	1990
2	1090
0	270
1	360
2	270
0	1680
1	2070
2	1690
Best of generation 3: 4666.666666666667 avg: 2648.7999999999993 - [pillValue=370, pillMultiplier=-2.761769980044307, powerPillValue=827, ghostValue=3428, deathValue=-1932, winValue=-3538, stepValue=139, dangerDistance=26, killDistance=34]
0	2060
1	1890
2	2120
0	2970
1	3130
2	6430
0	3080
1	3120
2	3990
0	3390
1	3520
2	6860
0	4650
1	1720
2	3860
0	3030
1	5580
2	4420
0	1860
1	2380
2	5220
0	4600
1	3850
2	2790
0	6950
1	5610
2	3420
0	2240
1	2910
2	3030
0	5610
1	7100
2	3460
0	3200
1	3560
2	10450
0	3170
1	3080
2	3920
0	10
1	20
2	20
0	3550
1	5270
2	510
0	2080
1	1130
2	2340
0	4200
1	3600
2	1950
0	3940
1	6460
2	4260
0	4580
1	3640
2	4030
0	3040
1	1910
2	1680
0	1690
1	5800
2	7000
0	170
1	170
2	170
Best of generation 4: 5736.666666666667 avg: 3032.666666666666 - [pillValue=370, pillMultiplier=-2.761769980044307, powerPillValue=-966, ghostValue=4416, deathValue=-1932, winValue=-2387, stepValue=650, dangerDistance=80, killDistance=31]
0	5500
1	5480
2	6380
0	1790
1	3710
2	5090
0	3340
1	2110
2	2270
0	5370
1	2130
2	5110
0	1270
1	3070
2	3020
0	7100
1	3730
2	5680
0	5850
1	3260
2	7410
0	6010
1	3760
2	5650
0	4600
1	6140
2	2900
0	8760
1	3930
2	4440
0	1740
1	4360
2	4980
0	1030
1	1780
2	1780
0	6720
1	1680
2	3310
0	1740
1	3870
2	1740
0	7150
1	4110
2	2910
0	4380
1	4180
2	4460
0	4280
1	3140
2	4090
0	3710
1	5360
2	1960
0	5640
1	4710
2	5690
0	7480
1	5150
2	1830
0	5150
1	3430
2	3600
0	2100
1	3350
2	740
Best of generation 5: 5786.666666666667 avg: 3575.8666666666672 - [pillValue=370, pillMultiplier=-2.761769980044307, powerPillValue=606, ghostValue=3428, deathValue=-1932, winValue=-3538, stepValue=650, dangerDistance=41, killDistance=34]
0	5040
1	5320
2	4510
0	5850
1	6180
2	6000
0	3720
1	3730
2	5400
0	4090
1	4850
2	3780
0	2700
1	10560
2	4820
0	3630
1	2870
2	2440
0	5430
1	5550
2	5320
0	7520
1	4490
2	3420
0	3040
1	6140
2	6510
0	5370
1	4620
2	6260
0	1490
1	7320
2	4460
0	4050
1	4040
2	8670
0	3300
1	3950
2	2990
0	2800
1	4130
2	6890
0	4630
1	2260
2	5040
0	6180
1	5760
2	3930
0	3010
1	5720
2	7290
0	3170
1	2480
2	2060
0	2680
1	1500
2	3370
0	2390
1	7110
2	3500
0	1080
1	4140
2	5770
0	4230
1	6410
2	4690
Best of generation 6: 6026.666666666667 avg: 4022.0 - [pillValue=370, pillMultiplier=-2.761769980044307, powerPillValue=-966, ghostValue=4416, deathValue=-1932, winValue=-2387, stepValue=650, dangerDistance=80, killDistance=31]
0	4180
1	4450
2	5120
0	5460
1	5280
2	8050
0	9050
1	7500
2	3950
0	3720
1	3960
2	5730
0	6500
1	7330
2	4230
0	4170
1	5500
2	1940
0	6410
1	5320
2	4060
0	4600
1	2590
2	4800
0	1760
1	4910
2	6480
0	3310
1	7630
2	5380
0	2530
1	4150
2	7200
0	3330
1	1640
2	1820
0	3320
1	4090
2	4950
0	3660
1	4190
2	2700
0	2080
1	1550
2	3200
0	8280
1	3940
2	8050
0	4340
1	3150
2	2630
0	4250
1	2040
2	9120
0	4760
1	8000
2	3050
0	3740
1	1180
2	1170
0	5360
1	2970
2	2170
0	4650
1	7260
2	4540
Best of generation 7: 6833.333333333333 avg: 3979.066666666667 - [pillValue=370, pillMultiplier=-2.761769980044307, powerPillValue=-966, ghostValue=4416, deathValue=-1932, winValue=-2387, stepValue=650, dangerDistance=80, killDistance=31]
0	3850
1	2160
2	5360
0	4540
1	4220
2	1000
0	2930
1	7170
2	2210
0	4520
1	3220
2	3790
0	9200
1	5310
2	3350
0	3170
1	1560
2	1710
0	4290
1	5160
2	4190
0	6560
1	7860
2	8210
0	1900
1	3710
2	1950
0	2910
1	10290
2	3780
0	2180
1	7140
2	5630
0	5890
1	2490
2	3770
0	3770
1	3850
2	4730
0	7940
1	3440
2	5580
0	5440
1	11270
2	4000
0	7140
1	3470
2	4170
0	5440
1	8220
2	3060
0	4050
1	3240
2	2940
0	7030
1	1890
2	5400
0	8960
1	7330
2	5590
0	2400
1	3880
2	4360
0	2640
1	3080
2	7340
Best of generation 8: 7543.333333333333 avg: 4117.733333333334 - [pillValue=370, pillMultiplier=-0.06434159890444135, powerPillValue=-677, ghostValue=4416, deathValue=-1932, winValue=-4047, stepValue=923, dangerDistance=74, killDistance=31]
0	5590
1	3740
2	7510
0	5620
1	3770
2	1290
0	4330
1	4680
2	3380
0	6610
1	5550
2	5460
0	7950
1	7450
2	7980
0	5830
1	2130
2	5810
0	3780
1	2780
2	1980
0	5650
1	1470
2	6220
0	2360
1	4350
2	6470
0	2430
1	3350
2	5390
0	1090
1	7250
2	4790
0	3670
1	5770
2	5260
0	7150
1	6180
2	4560
0	4690
1	4890
2	3950
0	2340
1	3030
2	4270
0	1300
1	5540
2	3220
0	8690
1	4310
2	5000
0	3960
1	5740
2	5690
0	3430
1	2230
2	2800
0	2450
1	5130
2	1520
0	4090
1	4910
2	4230
0	2870
1	7960
2	2320
Best of generation 9: 7793.333333333333 avg: 3962.5333333333324 - [pillValue=370, pillMultiplier=-2.761769980044307, powerPillValue=606, ghostValue=3428, deathValue=-1932, winValue=-3538, stepValue=650, dangerDistance=41, killDistance=34]
0	4120
1	7710
2	2570
0	4180
1	3110
2	8430
0	3790
1	3730
2	3560
0	4320
1	4940
2	4670
0	6540
1	6920
2	7500
0	2180
1	2540
2	5810
0	3830
1	5470
2	4260
0	5840
1	3240
2	3710
0	4030
1	3050
2	3850
0	5550
1	5550
2	7410
0	6400
1	2920
2	4590
0	6250
1	10380
2	6120
0	4950
1	3050
2	4030
0	5360
1	7510
2	4160
0	3630
1	5330
2	5660
0	4170
1	2960
2	4290
0	2750
1	3110
2	5900
0	3950
1	1890
2	7300
0	4490
1	5280
2	4510
0	7220
1	7710
2	5850
0	1870
1	5430
2	1600
0	3260
1	7390
2	4530
Best of generation 10: 7583.333333333333 avg: 4242.8 - [pillValue=370, pillMultiplier=-0.09235216681926595, powerPillValue=-966, ghostValue=4416, deathValue=-1932, winValue=-3538, stepValue=923, dangerDistance=77, killDistance=31]
0	2300
1	5580
2	3830
0	3100
1	9010
2	6950
0	8670
1	2630
2	4560
0	3120
1	5860
2	5620
0	3360
1	4160
2	3020
0	7400
1	3260
2	2930
0	5420
1	5440
2	2840
0	3050
1	6920
2	5360
0	7320
1	2860
2	5380
0	6320
1	2810
2	6320
0	5450
1	1730
2	1820
0	2080
1	7740
2	4090
0	3020
1	2650
2	6740
0	5750
1	5850
2	3130
0	1910
1	2730
2	2300
0	6350
1	5420
2	1310
0	6530
1	2440
2	3510
0	5930
1	4890
2	2620
0	9600
1	3630
2	5980
0	4480
1	3490
2	3710
0	20
1	20
2	20
0	9650
1	2970
2	4400
Best of generation 11: 6403.333333333333 avg: 3858.1333333333328 - [pillValue=370, pillMultiplier=-4.2136583417820885, powerPillValue=-966, ghostValue=5972, deathValue=-1932, winValue=-4047, stepValue=923, dangerDistance=80, killDistance=31]
0	5640
1	6420
2	3050
0	5690
1	4710
2	7990
0	5650
1	5510
2	2420
0	3650
1	3080
2	3630
0	4680
1	5820
2	6020
0	4250
1	10570
2	4020
0	7240
1	8750
2	5510
0	2180
1	5750
2	5690
0	4800
1	3210
2	4240
0	5030
1	9450
2	8080
0	4540
1	2720
2	3750
0	7060
1	7240
2	7860
0	3980
1	2880
2	2990
0	7190
1	4060
2	3970
0	4790
1	5050
2	5630
0	3250
1	4850
2	3520
0	3200
1	6990
2	3760
0	3180
1	5400
2	2830
0	8960
1	5680
2	2330
0	3010
1	4180
2	4210
0	7460
1	3120
2	7350
0	2350
1	4980
2	6450
Best of generation 12: 7520.0 avg: 4446.666666666666 - [pillValue=370, pillMultiplier=-4.2136583417820885, powerPillValue=-966, ghostValue=5972, deathValue=-1932, winValue=-4047, stepValue=923, dangerDistance=80, killDistance=31]
0	5610
1	4830
2	4870
0	7040
1	7020
2	4440
0	4150
1	6500
2	4930
0	3040
1	2680
2	7980
0	7150
1	5810
2	7200
0	3060
1	2910

